Space: 1 1 1
e: 0 0 0
a: 1 1 0 0
t: 1 0 1 0
o: 1 0 0 0
n: 0 1 1 0
i: 0 1 0 1
d: 0 1 0 0
h: 0 0 1 1
s: 0 0 1 0
r: 1 1 0 1 0
l: 1 0 1 1 1
c: 1 1 0 1 1 1
m: 1 0 1 1 0 0
,: 1 0 0 1 1 1
p: 1 0 0 1 1 0
y: 1 0 0 1 0 1
u: 1 0 0 1 0 0
g: 0 1 1 1 1 1
w: 0 1 1 1 1 0
f: 0 1 1 1 0 1
b: 1 1 0 1 1 0 1
v: 1 0 1 1 0 1 1
.: 1 0 1 1 0 1 0
Newline: 1 1 0 1 1 0 0 1
k: 0 1 1 1 0 0 1 0
H: 0 1 1 1 0 0 0 1
x: 0 1 1 1 0 0 1 1 0
-: 0 1 1 1 0 0 1 1 1 1
T: 0 1 1 1 0 0 1 1 1 0
;: 1 1 0 1 1 0 0 0 0 1
O: 0 1 1 1 0 0 0 0 0 1
J: 0 1 1 1 0 0 0 0 0 0
S: 0 1 1 1 0 0 0 0 1 1
P: 0 1 1 1 0 0 0 0 1 0
K: 1 1 0 1 1 0 0 0 1 0 1
A: 1 1 0 1 1 0 0 0 1 0 0
j: 1 1 0 1 1 0 0 0 1 1 1
q: 1 1 0 1 1 0 0 0 1 1 0
N: 1 1 0 1 1 0 0 0 0 0 1
B: 1 1 0 1 1 0 0 0 0 0 0